  1     1   1     0     2     2  0.000100   0.000100   0.0001000 
   1     2   2     0     2     2  0.000102   0.000102   2.154e-006
   1     3   1     0     1     1  0.000104   0.000104   2.154e-006
   1     4   1     0     1     1  0.000106   0.000106   2.154e-006
   1     5   1     0     1     1  0.000109   0.000109   2.693e-006
   1     6   1     0     1     1  0.000113   0.000113   3.366e-006
   1     7   1     0     1     1  0.000117   0.000117   4.208e-006
   1     8   1     0     1     1  0.000122   0.000122   5.260e-006
   1     9   1     0     2     2  0.000129   0.000129   6.575e-006
   1    10   1     0     2     2  0.000135   0.000135   6.575e-006
   1    11   1     0     2     2  0.000142   0.000142   6.575e-006
   1    12   1     0     2     2  0.000148   0.000148   6.575e-006
   1    13   1     0     2     2  0.000155   0.000155   6.575e-006
   1    14   1     0     2     2  0.000161   0.000161   6.575e-006
   1    15   1     0     2     2  0.000168   0.000168   6.575e-006
   1    16   1     0     2     2  0.000175   0.000175   6.575e-006
   1    17   1     0     2     2  0.000181   0.000181   6.575e-006
   1    18   1     0     2     2  0.000189   0.000189   8.219e-006
   1    19   1     0     2     2  0.000200   0.000200   1.027e-005
   1    20   1     0     2     2  0.000212   0.000212   1.224e-005
   1    21   1     0     2     2  0.000224   0.000224   1.224e-005
   1    22   1     0     2     2  0.000236   0.000236   1.224e-005
   1    23   1     0     2     2  0.000249   0.000249   1.224e-005
   1    24   1     0     2     2  0.000264   0.000264   1.511e-005
   1    25   1     0     2     2  0.000279   0.000279   1.511e-005
   1    26   1     0     2     2  0.000294   0.000294   1.511e-005
   1    27   1     0     2     2  0.000309   0.000309   1.511e-005
   1    28   1     0     2     2  0.000324   0.000324   1.511e-005
   1    29   1     0     2     2  0.000339   0.000339   1.511e-005
   1    30   1     0     2     2  0.000358   0.000358   1.869e-005
   1    31   1     0     2     2  0.000377   0.000377   1.869e-005
   1    32   1     0     2     2  0.000400   0.000400   2.337e-005
   1    33   1     0     2     2  0.000423   0.000423   2.337e-005
   1    34   1     0     2     2  0.000452   0.000452   2.901e-005
   1    35   1     0     2     2  0.000481   0.000481   2.901e-005
   1    36   1     0     2     2  0.000518   0.000518   3.626e-005
   1    37   1     0     2     2  0.000563   0.000563   4.530e-005
   1    38   1     0     2     2  0.000615   0.000615   5.192e-005
   1    39   1     0     2     2  0.000667   0.000667   5.192e-005
   1    40   1     0     2     2  0.000731   0.000731   6.458e-005
   1    41   2     0     2     2  0.000772   0.000772   4.016e-005
   1    42   1     0     2     2  0.000812   0.000812   4.016e-005
   1    43   2     0     2     2  0.000844   0.000844   3.231e-005
   1    44   1     0     2     2  0.000876   0.000876   3.231e-005
   1    45   1     0     2     2  0.000909   0.000909   3.231e-005
   1    46   1     0     2     2  0.000941   0.000941   3.231e-005
   1    47   1     0     2     2  0.000980   0.000980   3.893e-005
   1    48   1     0     2     2  0.00102    0.00102    3.893e-005
   1    49   1     0     2     2  0.00106    0.00106    3.893e-005
   1    50   1     0     2     2  0.00110    0.00110    3.893e-005
   1    51   1     0     2     2  0.00115    0.00115    4.866e-005
   1    52   1     0     2     2  0.00119    0.00119    4.866e-005
   1    53   1     0     2     2  0.00125    0.00125    6.083e-005
   1    54   1     0     2     2  0.00132    0.00132    6.083e-005
   1    55   1     0     3     3  0.00139    0.00139    7.604e-005
   1    56   1     0     3     3  0.00147    0.00147    7.604e-005
   1    57   1     0     3     3  0.00156    0.00156    9.505e-005
   1    58   1     0     3     3  0.00168    0.00168    0.0001188 
   1    59   1     0     3     3  0.00183    0.00183    0.0001485 
   1    60   2     0     4     4  0.00193    0.00193    9.797e-005
   1    61   1     0     3     3  0.00203    0.00203    9.797e-005
   1    62   2     0     3     3  0.00209    0.00209    6.099e-005
   1    63   1     0     3     3  0.00215    0.00215    6.099e-005
   1    64   1     0     3     3  0.00221    0.00221    6.099e-005
   1    65   1     0     3     3  0.00227    0.00227    6.099e-005
   1    66   1     0     3     3  0.00233    0.00233    6.099e-005
   1    67   1     0     3     3  0.00239    0.00239    6.099e-005
   1    68   1     0     3     3  0.00245    0.00245    6.099e-005
   1    69   1     0     3     3  0.00251    0.00251    6.099e-005
   1    70   1     0     3     3  0.00257    0.00257    6.099e-005
   1    71   1     0     3     3  0.00264    0.00264    6.099e-005
   1    72   1     0     3     3  0.00271    0.00271    6.939e-005
   1    73   1     0     3     3  0.00277    0.00277    6.939e-005
   1    74   1     0     3     3  0.00284    0.00284    6.939e-005
   1    75   1     0     3     3  0.00292    0.00292    8.083e-005
   1    76   1     0     3     3  0.00301    0.00301    8.936e-005
   1    77   1     0     3     3  0.00310    0.00310    8.936e-005
   1    78   1     0     3     3  0.00319    0.00319    8.936e-005
   1    79   1     0     3     3  0.00328    0.00328    8.936e-005
   1    80   1     0     3     3  0.00339    0.00339    0.0001117 
   1    81   1     0     4     4  0.00353    0.00353    0.0001343 
   1    82   1     0     4     4  0.00366    0.00366    0.0001343 
   1    83   1     0     4     4  0.00380    0.00380    0.0001343 
   1    84   1     0     4     4  0.00396    0.00396    0.0001679 
   1    85   1     0     4     4  0.00413    0.00413    0.0001679 
   1    86   1     0     4     4  0.00434    0.00434    0.0002099 
   1    87   3     0     3     3  0.00439    0.00439    4.311e-005
   1    88   1     0     2     2  0.00443    0.00443    4.311e-005
   1    89   1     0     2     2  0.00447    0.00447    4.311e-005
   1    90   1     0     2     2  0.00453    0.00453    5.388e-005
   1    91   1     0     2     2  0.00459    0.00459    6.736e-005
   1    92   1     0     2     2  0.00466    0.00466    6.736e-005
   1    93   1     0     2     2  0.00473    0.00473    6.736e-005
   1    94   1     0     2     2  0.00480    0.00480    7.443e-005
   1    95   1     0     2     2  0.00488    0.00488    7.443e-005
   1    96   1     0     2     2  0.00495    0.00495    7.443e-005
   1    97   1     0     2     2  0.00504    0.00504    8.482e-005
   1    98   1     0     2     2  0.00512    0.00512    8.482e-005
   1    99   1     0     2     2  0.00521    0.00521    8.482e-005
   1   100   1     0     2     2  0.00531    0.00531    0.0001023 
   1   101   1     0     2     2  0.00541    0.00541    0.0001023 
   1   102   1     0     2     2  0.00553    0.00553    0.0001188 
   1   103   1     0     2     2  0.00565    0.00565    0.0001188 
   1   104   1     0     2     2  0.00578    0.00578    0.0001347 
   1   105   1     0     2     2  0.00592    0.00592    0.0001347 
   1   106   1     0     2     2  0.00608    0.00608    0.0001580 
   1   107   1     0     2     2  0.00623    0.00623    0.0001580 
   1   108   1     0     2     2  0.00642    0.00642    0.0001860 
   1   109   1     0     2     2  0.00661    0.00661    0.0001860 
   1   110   1     0     2     2  0.00683    0.00683    0.0002207 
   1   111   1     0     2     2  0.00705    0.00705    0.0002207 
   1   112   1     0     3     3  0.00731    0.00731    0.0002666 
   1   113   1     0     3     3  0.00758    0.00758    0.0002666 
   1   114   1     0     4     4  0.00790    0.00790    0.0003221 
   1   115   1     0     4     4  0.00822    0.00822    0.0003221 
   1   116   1     0     4     4  0.00863    0.00863    0.0004027 
   1   117   1     0     4     4  0.00903    0.00903    0.0004027 
   1   118   2     0     4     4  0.00915    0.00915    0.0001178 
   1   119   1     0     2     2  0.00929    0.00929    0.0001472 
   1   120   1     0     2     2  0.00948    0.00948    0.0001840 
   1   121   1     0     2     2  0.00971    0.00971    0.0002300 
   1   122   1     0     3     3  0.0100     0.0100     0.0002875 
   1   123   1     0     3     3  0.0103     0.0103     0.0002875 
   1   124   1     0     3     3  0.0106     0.0106     0.0002875 
   1   125   1     0     3     3  0.0109     0.0109     0.0002875 
   1   126   1     0     3     3  0.0111     0.0111     0.0002875 
   1   127   1     0     3     3  0.0114     0.0114     0.0002875 
   1   128   1     0     3     3  0.0117     0.0117     0.0002875 
   1   129   1     0     3     3  0.0120     0.0120     0.0002875 
   1   130   1     0     3     3  0.0123     0.0123     0.0002875 
   1   131   1     0     5     5  0.0126     0.0126     0.0002875 
   1   132   2     0     4     4  0.0127     0.0127     7.187e-005
   1   133   1     0     2     2  0.0127     0.0127     7.187e-005
   1   134   1     0     2     2  0.0128     0.0128     8.984e-005
   1   135   1     0     2     2  0.0129     0.0129     0.0001123 
   1   136   1     0     3     3  0.0131     0.0131     0.0001404 
   1   137   2     0     5     5  0.0132     0.0132     0.0001374 
   1   138   1     0     2     2  0.0133     0.0133     0.0001374 
   1   139   1     0     3     3  0.0135     0.0135     0.0001374 
   1   140   1     0     2     2  0.0136     0.0136     0.0001374 
   1   141   2     0     4     4  0.0137     0.0137     0.0001133 
   1   142   1     0     2     2  0.0138     0.0138     0.0001133 
   1   143   1     0     2     2  0.0140     0.0140     0.0001133 
   1   144   1     0     2     2  0.0141     0.0141     0.0001133 
   1   145   1     0     2     2  0.0142     0.0142     0.0001133 
   1   146   1     0     2     2  0.0143     0.0143     0.0001133 
   1   147   1     0     2     2  0.0144     0.0144     0.0001133 
   1   148   1     0     2     2  0.0145     0.0145     0.0001133 
   1   149   1     0     2     2  0.0146     0.0146     0.0001133 
   1   150   1     0     2     2  0.0148     0.0148     0.0001284 
   1   151   1     0     2     2  0.0149     0.0149     0.0001284 
   1   152   1     0     2     2  0.0150     0.0150     0.0001284 
   1   153   1     0     2     2  0.0152     0.0152     0.0001284 
   1   154   1     0     2     2  0.0153     0.0153     0.0001481 
   1   155   1     0     2     2  0.0154     0.0154     0.0001481 
   1   156   1     0     2     2  0.0156     0.0156     0.0001481 
   1   157   1     0     2     2  0.0157     0.0157     0.0001481 
   1   158   1     0     2     2  0.0159     0.0159     0.0001481 
   1   159   1     0     2     2  0.0160     0.0160     0.0001481 
   1   160   1     0     2     2  0.0162     0.0162     0.0001721 
   1   161   1     0     2     2  0.0164     0.0164     0.0001721 
   1   162   1     0     2     2  0.0166     0.0166     0.0001721 
   1   163   1     0     2     2  0.0167     0.0167     0.0001721 
   1   164   1     0     3     3  0.0169     0.0169     0.0002151 
   1   165   1     0     3     3  0.0172     0.0172     0.0002151 
   1   166   1     0     3     3  0.0174     0.0174     0.0002151 
   1   167   1     0     3     3  0.0176     0.0176     0.0002151 
   1   168   1     0     4     4  0.0179     0.0179     0.0002689 
   1   169   1     0     4     4  0.0181     0.0181     0.0002689 
   1   170   1     0     3     3  0.0184     0.0184     0.0002689 
   1   171   1     0     3     3  0.0187     0.0187     0.0002689 
   1   172   1     0     3     3  0.0189     0.0189     0.0002689 
   1   173   1     0     3     3  0.0192     0.0192     0.0002689 
   1   174   1     0     3     3  0.0195     0.0195     0.0002689 
   1   175   1     0     4     4  0.0198     0.0198     0.0003161 
   1   176   1     0     4     4  0.0201     0.0201     0.0003161 
   1   177   1     0     4     4  0.0204     0.0204     0.0003161  
   1   178   3     0     4     4  0.0205     0.0205     6.204e-005
   1   179   1     0     2     2  0.0205     0.0205     6.204e-005
   1   180   1     0     2     2  0.0206     0.0206     6.204e-005
   1   181   1     0     2     2  0.0207     0.0207     7.755e-005
   1   182   1     0     2     2  0.0208     0.0208     9.694e-005
   1   183   1     0     2     2  0.0209     0.0209     0.0001212 
   1   184   1     0     2     2  0.0211     0.0211     0.0001515 
   1   185   1     0     2     2  0.0212     0.0212     0.0001515 
   1   186   1     0     2     2  0.0214     0.0214     0.0001515 
   1   187   1     0     2     2  0.0215     0.0215     0.0001515 
   1   188   1     0     2     2  0.0217     0.0217     0.0001515 
   1   189   1     0     2     2  0.0218     0.0218     0.0001515 
   1   190   1     0     2     2  0.0220     0.0220     0.0001789 
   1   191   1     0     2     2  0.0222     0.0222     0.0001789 
   1   192   1     0     2     2  0.0223     0.0223     0.0001789 
   1   193   1     0     2     2  0.0225     0.0225     0.0001789 
   1   194   1     0     3     3  0.0227     0.0227     0.0002236 
   1   195   1     0     3     3  0.0230     0.0230     0.0002236 
   1   196   1     0     3     3  0.0232     0.0232     0.0002236 
   1   197   1     0     3     3  0.0234     0.0234     0.0002236 
   1   198   1     0     3     3  0.0237     0.0237     0.0002795 
   1   199   1     0     3     3  0.0240     0.0240     0.0002795 
   1   200   1     0     4     4  0.0243     0.0243     0.0003304 
   1   201   1     0     4     4  0.0246     0.0246     0.0003304 
   1   202   1     0     3     3  0.0250     0.0250     0.0003304 
   1   203   1     0     3     3  0.0253     0.0253     0.0003304 
   1   204   1     0     4     4  0.0257     0.0257     0.0004131 
   1   205   1     0     6     6  0.0262     0.0262     0.0005000 
   1   206   1     0     7     7  0.0267     0.0267     0.0005000 
   1   207   1     0     7     7  0.0272     0.0272     0.0005000 
   1   208   2     0     4     4  0.0273     0.0273     0.0001250 
   1   209   1     0     2     2  0.0275     0.0275     0.0001250 
   1   210   1     0     2     2  0.0276     0.0276     0.0001563 
   1   211   1     0     3     3  0.0278     0.0278     0.0001953 
   1   212   1     0     3     3  0.0281     0.0281     0.0002441 
   1   213   1     0     3     3  0.0284     0.0284     0.0003052 
   1   214   3     0     4     4  0.0284     0.0284     7.766e-005
   1   215   1     0     2     2  0.0285     0.0285     7.766e-005
   1   216   1     0     2     2  0.0286     0.0286     7.766e-005
   1   217   1     0     2     2  0.0287     0.0287     9.707e-005
   1   218   1     0     2     2  0.0288     0.0288     0.0001213 
   1   219   1     0     2     2  0.0290     0.0290     0.0001517 
   1   220   1     0     2     2  0.0292     0.0292     0.0001896 
   1   221   1     0     3     3  0.0294     0.0294     0.0002370 
   1   222   1     0     3     3  0.0296     0.0296     0.0002370 
   1   223   1     0     2     2  0.0299     0.0299     0.0002370 
   1   224   1     0     3     3  0.0301     0.0301     0.0002370 
   1   225   1     0     5     5  0.0304     0.0304     0.0002962 
   1   226   1     0     3     3  0.0307     0.0307     0.0002962 
   1   227   1     0     3     3  0.0310     0.0310     0.0002962 
   1   228   1     0     4     4  0.0314     0.0314     0.0003703 
   1   229   2     0     4     4  0.0315     0.0315     0.0001157 
   1   230   1     0     2     2  0.0316     0.0316     0.0001446 
   1   231   1     0     2     2  0.0318     0.0318     0.0001808 
   1   232   1     0     2     2  0.0320     0.0320     0.0002260 
   1   233   1     0     4     4  0.0323     0.0323     0.0002825 
   1   234   1     0     5     5  0.0327     0.0327     0.0003531 
   1   235   1     0     4     4  0.0330     0.0330     0.0003531 
   1   236   1     0     4     4  0.0334     0.0334     0.0003531 
   1   237   1     0     4     4  0.0337     0.0337     0.0003531 
   1   238   1     0     4     4  0.0341     0.0341     0.0003531 
   1   239   2     0     4     4  0.0342     0.0342     8.828e-005
   1   240   1     0     2     2  0.0343     0.0343     0.0001104 
   1   241   1     0     2     2  0.0344     0.0344     0.0001379 
   1   242   1     0     2     2  0.0346     0.0346     0.0001724 
   1   243   1     0     2     2  0.0348     0.0348     0.0002155 
   1   244   1     0     3     3  0.0351     0.0351     0.0002694 
   1   245   3     0     4     4  0.0351     0.0351     6.607e-005
   1   246   1     0     2     2  0.0352     0.0352     6.607e-005
   1   247   1     0     2     2  0.0353     0.0353     6.607e-005
   1   248   1     0     2     2  0.0354     0.0354     8.259e-005
   1   249   1     0     2     2  0.0355     0.0355     0.0001032 
   1   250   1     0     2     2  0.0356     0.0356     0.0001291 
   1   251   1     0     2     2  0.0357     0.0357     0.0001613 
   1   252   1     0     2     2  0.0360     0.0360     0.0002016 
   1   253   1     0     2     2  0.0362     0.0362     0.0002016 
   1   254   1     0     2     2  0.0364     0.0364     0.0002016 
   1   255   1     0     2     2  0.0366     0.0366     0.0002016 
   1   256   1     0     2     2  0.0368     0.0368     0.0002016 
   1   257   1     0     2     2  0.0370     0.0370     0.0002016 
   1   258   1     0     2     2  0.0372     0.0372     0.0002016 
   1   259   1     0     2     2  0.0374     0.0374     0.0002016 
   1   260   1     0     2     2  0.0376     0.0376     0.0002016 
   1   261   1     0     3     3  0.0378     0.0378     0.0002016 
   1   262   1     0     3     3  0.0380     0.0380     0.0002521 
   1   263   1     0     4     4  0.0383     0.0383     0.0003151 
   1   264   1     0     4     4  0.0387     0.0387     0.0003569 
   1   265   1     0     4     4  0.0390     0.0390     0.0003569 
   1   266   1     0     4     4  0.0394     0.0394     0.0003569 
   1   267   1     0     4     4  0.0398     0.0398     0.0003569 
   1   268   2     0     4     4  0.0399     0.0399     0.0001115 
   1   269   1     0     2     2  0.0400     0.0400     0.0001394 
   1   270   1     0     2     2  0.0402     0.0402     0.0001742 
   1   271   1     0     3     3  0.0404     0.0404     0.0002178 
   1   272   1     0     3     3  0.0407     0.0407     0.0002723 
   1   273   1     0     3     3  0.0409     0.0409     0.0002723 
   1   274   1     0     3     3  0.0412     0.0412     0.0002723 
   1   275   1     0     4     4  0.0415     0.0415     0.0002723 
   1   276   1     0     3     3  0.0418     0.0418     0.0002723 
   1   277   1     0     4     4  0.0420     0.0420     0.0002723 
   1   278   2     0     5     5  0.0422     0.0422     0.0001927 
   1   279   1     0     3     3  0.0424     0.0424     0.0001927 
   1   280   1     0     3     3  0.0426     0.0426     0.0001927 
   1   281   2     0     5     5  0.0428     0.0428     0.0001724 
   1   282   1     0     3     3  0.0430     0.0430     0.0001724 
   1   283   1     0     3     3  0.0431     0.0431     0.0001724 
   1   284   1     0     2     2  0.0433     0.0433     0.0001724 
   1   285   1     0     2     2  0.0435     0.0435     0.0001724 
   1   286   1     0     2     2  0.0436     0.0436     0.0001724 
   1   287   1     0     3     3  0.0438     0.0438     0.0001936 
   1   288   1     0     3     3  0.0440     0.0440     0.0001936 
   1   289   1     0     3     3  0.0442     0.0442     0.0001936 
   1   290   1     0     2     2  0.0444     0.0444     0.0001936 
   1   291   1     0     2     2  0.0446     0.0446     0.0001936 
   1   292   1     0     3     3  0.0448     0.0448     0.0001936 
   1   293   1     0     3     3  0.0450     0.0450     0.0001936 
   1   294   1     0     3     3  0.0452     0.0452     0.0001936 
   1   295   1     0     2     2  0.0454     0.0454     0.0001936 
   1   296   1     0     2     2  0.0456     0.0456     0.0001936 
   1   297   1     0     2     2  0.0458     0.0458     0.0001936 
   1   298   1     0     2     2  0.0460     0.0460     0.0001936 
   1   299   1     0     2     2  0.0462     0.0462     0.0001936 
   1   300   1     0     2     2  0.0464     0.0464     0.0001936 
   1   301   1     0     2     2  0.0466     0.0466     0.0002163 
   1   302   1     0     2     2  0.0468     0.0468     0.0002163 
   1   303   1     0     2     2  0.0470     0.0470     0.0002163 
   1   304   1     0     3     3  0.0472     0.0472     0.0002163 
   1   305   1     0     3     3  0.0475     0.0475     0.0002473 
   1   306   1     0     2     2  0.0477     0.0477     0.0002473 
   1   307   1     0     2     2  0.0480     0.0480     0.0002473 
   1   308   1     0     2     2  0.0482     0.0482     0.0002473 
   1   309   1     0     3     3  0.0485     0.0485     0.0002958 
   1   310   1     0     3     3  0.0488     0.0488     0.0002958 
   1   311   1     0     3     3  0.0491     0.0491     0.0002958 
   1   312   1     0     3     3  0.0494     0.0494     0.0002958 
   1   313   1     0     4     4  0.0498     0.0498     0.0003549 
   1   314   1     0     3     3  0.0500     0.0500     0.0002483 