  1     1   1     0     1     1  5.00e-005  5.00e-005  5.000e-005
   1     2   1     0     1     1  0.000100   0.000100   5.000e-005
   1     3   1     0     1     1  0.000150   0.000150   5.000e-005
   1     4   1     0     1     1  0.000200   0.000200   5.000e-005
   1     5   1     0     1     1  0.000250   0.000250   5.000e-005
   1     6   1     0     1     1  0.000300   0.000300   5.000e-005
   1     7   1     0     1     1  0.000350   0.000350   5.000e-005
   1     8   1     0     1     1  0.000400   0.000400   5.000e-005
   1     9   1     0     2     2  0.000450   0.000450   5.000e-005
   1    10   1     0     2     2  0.000500   0.000500   5.000e-005
   1    11   1     0     2     2  0.000550   0.000550   5.000e-005
   1    12   1     0     2     2  0.000600   0.000600   5.000e-005
   1    13   1     0     2     2  0.000650   0.000650   5.000e-005
   1    14   1     0     2     2  0.000700   0.000700   5.000e-005
   1    15   1     0     2     2  0.000750   0.000750   5.000e-005
   1    16   1     0     2     2  0.000800   0.000800   5.000e-005
   1    17   1     0     2     2  0.000850   0.000850   5.000e-005
   1    18   1     0     2     2  0.000900   0.000900   5.000e-005
   1    19   1     0     2     2  0.000950   0.000950   5.000e-005
   1    20   1     0     2     2  0.00100    0.00100    5.000e-005
   1    21   1     0     2     2  0.00105    0.00105    5.000e-005
   1    22   1     0     2     2  0.00110    0.00110    5.000e-005
   1    23   1     0     2     2  0.00115    0.00115    5.000e-005
   1    24   1     0     2     2  0.00120    0.00120    5.000e-005
   1    25   1     0     2     2  0.00125    0.00125    5.000e-005
   1    26   1     0     2     2  0.00130    0.00130    5.000e-005
   1    27   1     0     2     2  0.00135    0.00135    5.000e-005
   1    28   1     0     2     2  0.00140    0.00140    5.000e-005
   1    29   1     0     2     2  0.00145    0.00145    5.000e-005
   1    30   1     0     2     2  0.00150    0.00150    5.000e-005
   1    31   1     0     2     2  0.00155    0.00155    5.000e-005
   1    32   1     0     2     2  0.00160    0.00160    5.000e-005
   1    33   1     0     2     2  0.00165    0.00165    5.000e-005
   1    34   1     0     2     2  0.00170    0.00170    5.000e-005
   1    35   1     0     2     2  0.00175    0.00175    5.000e-005
   1    36   1     0     2     2  0.00180    0.00180    5.000e-005
   1    37   1     0     2     2  0.00185    0.00185    5.000e-005
   1    38   1     0     2     2  0.00190    0.00190    5.000e-005
   1    39   1     0     2     2  0.00195    0.00195    5.000e-005
   1    40   1     0     2     2  0.00200    0.00200    5.000e-005
   1    41   1     0     2     2  0.00205    0.00205    5.000e-005
   1    42   1     0     2     2  0.00210    0.00210    5.000e-005
   1    43   1     0     2     2  0.00215    0.00215    5.000e-005
   1    44   1     0     2     2  0.00220    0.00220    5.000e-005
   1    45   1     0     2     2  0.00225    0.00225    5.000e-005
   1    46   1     0     2     2  0.00230    0.00230    5.000e-005
   1    47   1     0     2     2  0.00235    0.00235    5.000e-005
   1    48   1     0     2     2  0.00240    0.00240    5.000e-005
   1    49   1     0     2     2  0.00245    0.00245    5.000e-005
   1    50   1     0     2     2  0.00250    0.00250    5.000e-005
   1    51   1     0     2     2  0.00255    0.00255    5.000e-005
   1    52   1     0     2     2  0.00260    0.00260    5.000e-005
   1    53   1     0     2     2  0.00265    0.00265    5.000e-005
   1    54   1     0     2     2  0.00270    0.00270    5.000e-005
   1    55   1     0     2     2  0.00275    0.00275    5.000e-005
   1    56   1     0     2     2  0.00280    0.00280    5.000e-005
   1    57   1     0     2     2  0.00285    0.00285    5.000e-005
   1    58   1     0     2     2  0.00290    0.00290    5.000e-005
   1    59   1     0     2     2  0.00295    0.00295    5.000e-005
   1    60   1     0     2     2  0.00300    0.00300    5.000e-005
   1    61   1     0     2     2  0.00305    0.00305    5.000e-005
   1    62   1     0     2     2  0.00310    0.00310    5.000e-005
   1    63   1     0     2     2  0.00315    0.00315    5.000e-005
   1    64   1     0     2     2  0.00320    0.00320    5.000e-005
   1    65   1     0     2     2  0.00325    0.00325    5.000e-005
   1    66   1     0     2     2  0.00330    0.00330    5.000e-005
   1    67   1     0     2     2  0.00335    0.00335    5.000e-005
   1    68   1     0     2     2  0.00340    0.00340    5.000e-005
   1    69   1     0     2     2  0.00345    0.00345    5.000e-005
   1    70   1     0     2     2  0.00350    0.00350    5.000e-005
   1    71   1     0     2     2  0.00355    0.00355    5.000e-005
   1    72   1     0     2     2  0.00360    0.00360    5.000e-005
   1    73   1     0     2     2  0.00365    0.00365    5.000e-005
   1    74   1     0     2     2  0.00370    0.00370    5.000e-005
   1    75   1     0     2     2  0.00375    0.00375    5.000e-005
   1    76   1     0     2     2  0.00380    0.00380    5.000e-005
   1    77   1     0     2     2  0.00385    0.00385    5.000e-005
   1    78   1     0     2     2  0.00390    0.00390    5.000e-005
   1    79   1     0     2     2  0.00395    0.00395    5.000e-005
   1    80   1     0     2     2  0.00400    0.00400    5.000e-005
   1    81   1     0     2     2  0.00405    0.00405    5.000e-005
   1    82   1     0     2     2  0.00410    0.00410    5.000e-005
   1    83   1     0     2     2  0.00415    0.00415    5.000e-005
   1    84   1     0     2     2  0.00420    0.00420    5.000e-005
   1    85   1     0     2     2  0.00425    0.00425    5.000e-005
   1    86   1     0     2     2  0.00430    0.00430    5.000e-005
   1    87   1     0     2     2  0.00435    0.00435    5.000e-005
   1    88   1     0     2     2  0.00440    0.00440    5.000e-005
   1    89   1     0     2     2  0.00445    0.00445    5.000e-005
   1    90   1     0     2     2  0.00450    0.00450    5.000e-005
   1    91   1     0     2     2  0.00455    0.00455    5.000e-005
   1    92   1     0     2     2  0.00460    0.00460    5.000e-005
   1    93   1     0     2     2  0.00465    0.00465    5.000e-005
   1    94   1     0     2     2  0.00470    0.00470    5.000e-005
   1    95   1     0     2     2  0.00475    0.00475    5.000e-005
   1    96   1     0     2     2  0.00480    0.00480    5.000e-005
   1    97   1     0     2     2  0.00485    0.00485    5.000e-005
   1    98   1     0     2     2  0.00490    0.00490    5.000e-005
   1    99   1     0     2     2  0.00495    0.00495    5.000e-005
   1   100   1     0     2     2  0.00500    0.00500    5.000e-005
   1   101   1     0     2     2  0.00505    0.00505    5.000e-005
   1   102   1     0     2     2  0.00510    0.00510    5.000e-005
   1   103   1     0     2     2  0.00515    0.00515    5.000e-005
   1   104   1     0     2     2  0.00520    0.00520    5.000e-005
   1   105   1     0     2     2  0.00525    0.00525    5.000e-005
   1   106   1     0     2     2  0.00530    0.00530    5.000e-005
   1   107   1     0     2     2  0.00535    0.00535    5.000e-005
   1   108   1     0     2     2  0.00540    0.00540    5.000e-005
   1   109   1     0     2     2  0.00545    0.00545    5.000e-005
   1   110   1     0     2     2  0.00550    0.00550    5.000e-005
   1   111   1     0     2     2  0.00555    0.00555    5.000e-005
   1   112   1     0     2     2  0.00560    0.00560    5.000e-005
   1   113   1     0     2     2  0.00565    0.00565    5.000e-005
   1   114   1     0     2     2  0.00570    0.00570    5.000e-005
   1   115   1     0     2     2  0.00575    0.00575    5.000e-005
   1   116   1     0     2     2  0.00580    0.00580    5.000e-005
   1   117   1     0     2     2  0.00585    0.00585    5.000e-005
   1   118   1     0     2     2  0.00590    0.00590    5.000e-005
   1   119   1     0     2     2  0.00595    0.00595    5.000e-005
   1   120   1     0     2     2  0.00600    0.00600    5.000e-005
   1   121   1     0     2     2  0.00605    0.00605    5.000e-005
   1   122   1     0     2     2  0.00610    0.00610    5.000e-005
   1   123   1     0     2     2  0.00615    0.00615    5.000e-005
   1   124   1     0     2     2  0.00620    0.00620    5.000e-005
   1   125   1     0     2     2  0.00625    0.00625    5.000e-005
   1   126   1     0     2     2  0.00630    0.00630    5.000e-005
   1   127   1     0     2     2  0.00635    0.00635    5.000e-005
   1   128   1     0     2     2  0.00640    0.00640    5.000e-005
   1   129   1     0     2     2  0.00645    0.00645    5.000e-005
   1   130   1     0     2     2  0.00650    0.00650    5.000e-005
   1   131   1     0     2     2  0.00655    0.00655    5.000e-005
   1   132   1     0     2     2  0.00660    0.00660    5.000e-005
   1   133   1     0     2     2  0.00665    0.00665    5.000e-005
   1   134   1     0     2     2  0.00670    0.00670    5.000e-005
   1   135   1     0     2     2  0.00675    0.00675    5.000e-005
   1   136   1     0     2     2  0.00680    0.00680    5.000e-005
   1   137   1     0     2     2  0.00685    0.00685    5.000e-005
   1   138   1     0     2     2  0.00690    0.00690    5.000e-005
   1   139   1     0     2     2  0.00695    0.00695    5.000e-005
   1   140   1     0     2     2  0.00700    0.00700    5.000e-005
   1   141   1     0     2     2  0.00705    0.00705    5.000e-005
   1   142   1     0     2     2  0.00710    0.00710    5.000e-005
   1   143   1     0     2     2  0.00715    0.00715    5.000e-005
   1   144   1     0     2     2  0.00720    0.00720    5.000e-005
   1   145   1     0     2     2  0.00725    0.00725    5.000e-005
   1   146   1     0     2     2  0.00730    0.00730    5.000e-005
   1   147   1     0     2     2  0.00735    0.00735    5.000e-005
   1   148   1     0     2     2  0.00740    0.00740    5.000e-005
   1   149   1     0     2     2  0.00745    0.00745    5.000e-005
   1   150   1     0     2     2  0.00750    0.00750    5.000e-005
   1   151   1     0     2     2  0.00755    0.00755    5.000e-005
   1   152   1     0     2     2  0.00760    0.00760    5.000e-005
   1   153   1     0     2     2  0.00765    0.00765    5.000e-005
   1   154   1     0     2     2  0.00770    0.00770    5.000e-005
   1   155   1     0     2     2  0.00775    0.00775    5.000e-005
   1   156   1     0     2     2  0.00780    0.00780    5.000e-005
   1   157   1     0     2     2  0.00785    0.00785    5.000e-005
   1   158   1     0     2     2  0.00790    0.00790    5.000e-005
   1   159   1     0     2     2  0.00795    0.00795    5.000e-005
   1   160   1     0     2     2  0.00800    0.00800    5.000e-005
   1   161   1     0     2     2  0.00805    0.00805    5.000e-005
   1   162   1     0     2     2  0.00810    0.00810    5.000e-005
   1   163   1     0     2     2  0.00815    0.00815    5.000e-005
   1   164   1     0     2     2  0.00820    0.00820    5.000e-005
   1   165   1     0     2     2  0.00825    0.00825    5.000e-005
   1   166   1     0     2     2  0.00830    0.00830    5.000e-005
   1   167   1     0     2     2  0.00835    0.00835    5.000e-005
   1   168   1     0     2     2  0.00840    0.00840    5.000e-005
   1   169   1     0     2     2  0.00845    0.00845    5.000e-005
   1   170   1     0     2     2  0.00850    0.00850    5.000e-005
   1   171   1     0     2     2  0.00855    0.00855    5.000e-005
   1   172   1     0     2     2  0.00860    0.00860    5.000e-005
   1   173   1     0     2     2  0.00865    0.00865    5.000e-005
   1   174   1     0     2     2  0.00870    0.00870    5.000e-005
   1   175   1     0     2     2  0.00875    0.00875    5.000e-005
   1   176   1     0     2     2  0.00880    0.00880    5.000e-005
   1   177   1     0     2     2  0.00885    0.00885    5.000e-005
   1   178   1     0     2     2  0.00890    0.00890    5.000e-005
   1   179   1     0     2     2  0.00895    0.00895    5.000e-005
   1   180   1     0     2     2  0.00900    0.00900    5.000e-005
   1   181   1     0     2     2  0.00905    0.00905    5.000e-005
   1   182   1     0     2     2  0.00910    0.00910    5.000e-005
   1   183   1     0     2     2  0.00915    0.00915    5.000e-005
   1   184   1     0     2     2  0.00920    0.00920    5.000e-005
   1   185   1     0     2     2  0.00925    0.00925    5.000e-005
   1   186   1     0     2     2  0.00930    0.00930    5.000e-005
   1   187   1     0     2     2  0.00935    0.00935    5.000e-005
   1   188   1     0     2     2  0.00940    0.00940    5.000e-005
   1   189   1     0     2     2  0.00945    0.00945    5.000e-005
   1   190   1     0     2     2  0.00950    0.00950    5.000e-005
   1   191   1     0     2     2  0.00955    0.00955    5.000e-005
   1   192   1     0     2     2  0.00960    0.00960    5.000e-005
   1   193   1     0     2     2  0.00965    0.00965    5.000e-005
   1   194   1     0     2     2  0.00970    0.00970    5.000e-005
   1   195   1     0     2     2  0.00975    0.00975    5.000e-005
   1   196   1     0     2     2  0.00980    0.00980    5.000e-005
   1   197   1     0     2     2  0.00985    0.00985    5.000e-005
   1   198   1     0     2     2  0.00990    0.00990    5.000e-005
   1   199   1     0     2     2  0.00995    0.00995    5.000e-005
   1   200   1     0     2     2  0.0100     0.0100     5.000e-005
   1   201   1     0     2     2  0.0100     0.0100     5.000e-005
   1   202   1     0     2     2  0.0101     0.0101     5.000e-005
   1   203   1     0     2     2  0.0101     0.0101     5.000e-005
   1   204   1     0     2     2  0.0102     0.0102     5.000e-005
   1   205   1     0     2     2  0.0102     0.0102     5.000e-005
   1   206   1     0     2     2  0.0103     0.0103     5.000e-005
   1   207   1     0     2     2  0.0103     0.0103     5.000e-005
   1   208   1     0     2     2  0.0104     0.0104     5.000e-005
   1   209   1     0     2     2  0.0104     0.0104     5.000e-005
   1   210   1     0     2     2  0.0105     0.0105     5.000e-005
   1   211   1     0     2     2  0.0105     0.0105     5.000e-005
   1   212   1     0     1     1  0.0106     0.0106     5.000e-005
   1   213   1     0     1     1  0.0106     0.0106     5.000e-005
   1   214   1     0     1     1  0.0107     0.0107     5.000e-005
   1   215   1     0     1     1  0.0107     0.0107     5.000e-005
   1   216   1     0     1     1  0.0108     0.0108     5.000e-005
   1   217   1     0     1     1  0.0108     0.0108     5.000e-005
   1   218   1     0     1     1  0.0109     0.0109     5.000e-005
   1   219   1     0     1     1  0.0109     0.0109     5.000e-005
   1   220   1     0     1     1  0.0110     0.0110     5.000e-005
   1   221   1     0     1     1  0.0110     0.0110     5.000e-005
   1   222   1     0     1     1  0.0111     0.0111     5.000e-005
   1   223   1     0     1     1  0.0111     0.0111     5.000e-005
   1   224   1     0     1     1  0.0112     0.0112     5.000e-005
   1   225   1     0     1     1  0.0112     0.0112     5.000e-005
   1   226   1     0     1     1  0.0113     0.0113     5.000e-005
   1   227   1     0     1     1  0.0113     0.0113     5.000e-005
   1   228   1     0     1     1  0.0114     0.0114     5.000e-005
   1   229   1     0     1     1  0.0114     0.0114     5.000e-005
   1   230   1     0     1     1  0.0115     0.0115     5.000e-005
   1   231   1     0     2     2  0.0115     0.0115     5.000e-005
   1   232   1     0     2     2  0.0116     0.0116     5.000e-005
   1   233   1     0     2     2  0.0116     0.0116     5.000e-005
   1   234   1     0     2     2  0.0117     0.0117     5.000e-005
   1   235   1     0     2     2  0.0117     0.0117     5.000e-005
   1   236   1     0     2     2  0.0118     0.0118     5.000e-005
   1   237   1     0     2     2  0.0118     0.0118     5.000e-005
   1   238   1     0     2     2  0.0119     0.0119     5.000e-005
   1   239   1     0     2     2  0.0119     0.0119     5.000e-005
   1   240   1     0     2     2  0.0120     0.0120     5.000e-005
   1   241   1     0     2     2  0.0120     0.0120     5.000e-005
   1   242   1     0     2     2  0.0121     0.0121     5.000e-005
   1   243   1     0     2     2  0.0121     0.0121     5.000e-005
   1   244   1     0     2     2  0.0122     0.0122     5.000e-005
   1   245   1     0     2     2  0.0122     0.0122     5.000e-005
   1   246   1     0     2     2  0.0123     0.0123     5.000e-005
   1   247   1     0     2     2  0.0123     0.0123     5.000e-005
   1   248   1     0     2     2  0.0124     0.0124     5.000e-005
   1   249   1     0     2     2  0.0124     0.0124     5.000e-005
   1   250   1     0     2     2  0.0125     0.0125     5.000e-005
   1   251   1     0     2     2  0.0125     0.0125     5.000e-005
   1   252   1     0     2     2  0.0126     0.0126     5.000e-005
   1   253   1     0     2     2  0.0126     0.0126     5.000e-005
   1   254   1     0     2     2  0.0127     0.0127     5.000e-005
   1   255   1     0     2     2  0.0127     0.0127     5.000e-005
   1   256   1     0     2     2  0.0128     0.0128     5.000e-005
   1   257   1     0     2     2  0.0128     0.0128     5.000e-005
   1   258   1     0     2     2  0.0129     0.0129     5.000e-005
   1   259   1     0     2     2  0.0129     0.0129     5.000e-005
   1   260   1     0     2     2  0.0130     0.0130     5.000e-005
   1   261   1     0     2     2  0.0130     0.0130     5.000e-005
   1   262   1     0     2     2  0.0131     0.0131     5.000e-005
   1   263   1     0     2     2  0.0131     0.0131     5.000e-005
   1   264   1     0     2     2  0.0132     0.0132     5.000e-005
   1   265   1     0     2     2  0.0132     0.0132     5.000e-005
   1   266   1     0     2     2  0.0133     0.0133     5.000e-005
   1   267   1     0     2     2  0.0133     0.0133     5.000e-005
   1   268   1     0     2     2  0.0134     0.0134     5.000e-005
   1   269   1     0     2     2  0.0134     0.0134     5.000e-005
   1   270   1     0     2     2  0.0135     0.0135     5.000e-005
   1   271   1     0     2     2  0.0135     0.0135     5.000e-005
   1   272   1     0     2     2  0.0136     0.0136     5.000e-005
   1   273   1     0     2     2  0.0136     0.0136     5.000e-005
   1   274   1     0     2     2  0.0137     0.0137     5.000e-005
   1   275   1     0     2     2  0.0137     0.0137     5.000e-005
   1   276   1     0     2     2  0.0138     0.0138     5.000e-005
   1   277   1     0     2     2  0.0138     0.0138     5.000e-005
   1   278   1     0     2     2  0.0139     0.0139     5.000e-005
   1   279   1     0     2     2  0.0139     0.0139     5.000e-005
   1   280   1     0     2     2  0.0140     0.0140     5.000e-005
   1   281   1     0     2     2  0.0140     0.0140     5.000e-005
   1   282   1     0     2     2  0.0141     0.0141     5.000e-005
   1   283   1     0     2     2  0.0141     0.0141     5.000e-005
   1   284   1     0     2     2  0.0142     0.0142     5.000e-005
   1   285   1     0     2     2  0.0142     0.0142     5.000e-005
   1   286   1     0     2     2  0.0143     0.0143     5.000e-005
   1   287   1     0     2     2  0.0143     0.0143     5.000e-005
   1   288   1     0     2     2  0.0144     0.0144     5.000e-005
   1   289   1     0     2     2  0.0144     0.0144     5.000e-005
   1   290   1     0     2     2  0.0145     0.0145     5.000e-005
   1   291   1     0     2     2  0.0145     0.0145     5.000e-005
   1   292   1     0     2     2  0.0146     0.0146     5.000e-005
   1   293   1     0     2     2  0.0146     0.0146     5.000e-005
   1   294   1     0     2     2  0.0147     0.0147     5.000e-005
   1   295   1     0     2     2  0.0147     0.0147     5.000e-005
   1   296   1     0     2     2  0.0148     0.0148     5.000e-005
   1   297   1     0     2     2  0.0148     0.0148     5.000e-005
   1   298   1     0     2     2  0.0149     0.0149     5.000e-005
   1   299   1     0     2     2  0.0149     0.0149     5.000e-005
   1   300   1     0     2     2  0.0150     0.0150     5.000e-005
   1   301   1     0     2     2  0.0150     0.0150     5.000e-005
   1   302   1     0     2     2  0.0151     0.0151     5.000e-005
   1   303   1     0     2     2  0.0151     0.0151     5.000e-005
   1   304   1     0     2     2  0.0152     0.0152     5.000e-005
   1   305   1     0     2     2  0.0152     0.0152     5.000e-005
   1   306   1     0     2     2  0.0153     0.0153     5.000e-005
   1   307   1     0     2     2  0.0153     0.0153     5.000e-005
   1   308   1     0     2     2  0.0154     0.0154     5.000e-005
   1   309   1     0     2     2  0.0154     0.0154     5.000e-005
   1   310   1     0     2     2  0.0155     0.0155     5.000e-005
   1   311   1     0     2     2  0.0155     0.0155     5.000e-005
   1   312   1     0     2     2  0.0156     0.0156     5.000e-005
   1   313   1     0     2     2  0.0156     0.0156     5.000e-005
   1   314   1     0     2     2  0.0157     0.0157     5.000e-005
   1   315   1     0     2     2  0.0157     0.0157     5.000e-005
   1   316   1     0     2     2  0.0158     0.0158     5.000e-005
   1   317   1     0     2     2  0.0158     0.0158     5.000e-005
   1   318   1     0     2     2  0.0159     0.0159     5.000e-005
   1   319   1     0     2     2  0.0159     0.0159     5.000e-005
   1   320   1     0     2     2  0.0160     0.0160     5.000e-005
   1   321   1     0     2     2  0.0160     0.0160     5.000e-005
   1   322   1     0     2     2  0.0161     0.0161     5.000e-005
   1   323   1     0     2     2  0.0161     0.0161     5.000e-005
   1   324   1     0     2     2  0.0162     0.0162     5.000e-005
   1   325   1     0     2     2  0.0162     0.0162     5.000e-005
   1   326   1     0     2     2  0.0163     0.0163     5.000e-005
   1   327   1     0     2     2  0.0163     0.0163     5.000e-005
   1   328   1     0     2     2  0.0164     0.0164     5.000e-005
   1   329   1     0     2     2  0.0164     0.0164     5.000e-005
   1   330   1     0     2     2  0.0165     0.0165     5.000e-005
   1   331   1     0     1     1  0.0165     0.0165     5.000e-005
   1   332   1     0     2     2  0.0166     0.0166     5.000e-005
   1   333   1     0     2     2  0.0166     0.0166     5.000e-005
   1   334   1     0     2     2  0.0167     0.0167     5.000e-005
   1   335   1     0     2     2  0.0167     0.0167     5.000e-005
   1   336   1     0     2     2  0.0168     0.0168     5.000e-005
   1   337   1     0     2     2  0.0168     0.0168     5.000e-005
   1   338   1     0     2     2  0.0169     0.0169     5.000e-005
   1   339   1     0     2     2  0.0169     0.0169     5.000e-005
   1   340   1     0     2     2  0.0170     0.0170     5.000e-005
   1   341   1     0     2     2  0.0170     0.0170     5.000e-005
   1   342   1     0     2     2  0.0171     0.0171     5.000e-005
   1   343   1     0     2     2  0.0171     0.0171     5.000e-005
   1   344   1     0     2     2  0.0172     0.0172     5.000e-005
   1   345   1     0     2     2  0.0172     0.0172     5.000e-005
   1   346   1     0     2     2  0.0173     0.0173     5.000e-005
   1   347   1     0     2     2  0.0173     0.0173     5.000e-005
   1   348   1     0     2     2  0.0174     0.0174     5.000e-005
   1   349   1     0     2     2  0.0174     0.0174     5.000e-005
   1   350   1     0     2     2  0.0175     0.0175     5.000e-005
   1   351   1     0     2     2  0.0175     0.0175     5.000e-005
   1   352   1     0     2     2  0.0176     0.0176     5.000e-005
   1   353   1     0     2     2  0.0176     0.0176     5.000e-005
   1   354   1     0     2     2  0.0177     0.0177     5.000e-005
   1   355   1     0     2     2  0.0177     0.0177     5.000e-005
   1   356   1     0     2     2  0.0178     0.0178     5.000e-005
   1   357   1     0     2     2  0.0178     0.0178     5.000e-005
   1   358   1     0     2     2  0.0179     0.0179     5.000e-005
   1   359   1     0     2     2  0.0179     0.0179     5.000e-005
   1   360   1     0     2     2  0.0180     0.0180     5.000e-005
   1   361   1     0     2     2  0.0181     0.0181     5.000e-005
   1   362   1     0     2     2  0.0181     0.0181     5.000e-005
   1   363   1     0     2     2  0.0182     0.0182     5.000e-005
   1   364   1     0     2     2  0.0182     0.0182     5.000e-005
   1   365   1     0     2     2  0.0183     0.0183     5.000e-005
   1   366   1     0     2     2  0.0183     0.0183     5.000e-005
   1   367   1     0     2     2  0.0184     0.0184     5.000e-005
   1   368   1     0     2     2  0.0184     0.0184     5.000e-005
   1   369   1     0     2     2  0.0185     0.0185     5.000e-005
   1   370   1     0     2     2  0.0185     0.0185     5.000e-005
   1   371   1     0     2     2  0.0186     0.0186     5.000e-005
   1   372   1     0     2     2  0.0186     0.0186     5.000e-005
   1   373   1     0     2     2  0.0187     0.0187     5.000e-005
   1   374   1     0     2     2  0.0187     0.0187     5.000e-005
   1   375   1     0     2     2  0.0188     0.0188     5.000e-005
   1   376   1     0     2     2  0.0188     0.0188     5.000e-005
   1   377   1     0     2     2  0.0189     0.0189     5.000e-005
   1   378   1     0     2     2  0.0189     0.0189     5.000e-005
   1   379   1     0     2     2  0.0190     0.0190     5.000e-005
   1   380   1     0     2     2  0.0190     0.0190     5.000e-005
   1   381   1     0     2     2  0.0191     0.0191     5.000e-005
   1   382   1     0     2     2  0.0191     0.0191     5.000e-005
   1   383   1     0     2     2  0.0192     0.0192     5.000e-005
   1   384   1     0     2     2  0.0192     0.0192     5.000e-005
   1   385   1     0     2     2  0.0193     0.0193     5.000e-005
   1   386   1     0     2     2  0.0193     0.0193     5.000e-005
   1   387   1     0     2     2  0.0194     0.0194     5.000e-005
   1   388   1     0     2     2  0.0194     0.0194     5.000e-005
   1   389   1     0     2     2  0.0195     0.0195     5.000e-005
   1   390   1     0     2     2  0.0195     0.0195     5.000e-005
   1   391   1     0     2     2  0.0196     0.0196     5.000e-005
   1   392   1     0     2     2  0.0196     0.0196     5.000e-005
   1   393   1     0     2     2  0.0197     0.0197     5.000e-005
   1   394   1     0     2     2  0.0197     0.0197     5.000e-005
   1   395   1     0     2     2  0.0198     0.0198     5.000e-005
   1   396   1     0     2     2  0.0198     0.0198     5.000e-005
   1   397   1     0     2     2  0.0199     0.0199     5.000e-005
   1   398   1     0     2     2  0.0199     0.0199     5.000e-005
   1   399   1     0     2     2  0.0200     0.0200     5.000e-005
   1   400   1     0     2     2  0.0200     0.0200     5.000e-005
   1   401   1     0     2     2  0.0201     0.0201     5.000e-005
   1   402   1     0     2     2  0.0201     0.0201     5.000e-005
   1   403   1     0     2     2  0.0202     0.0202     5.000e-005
   1   404   1     0     2     2  0.0202     0.0202     5.000e-005
   1   405   1     0     2     2  0.0203     0.0203     5.000e-005
   1   406   1     0     2     2  0.0203     0.0203     5.000e-005
   1   407   1     0     2     2  0.0204     0.0204     5.000e-005
   1   408   1     0     2     2  0.0204     0.0204     5.000e-005
   1   409   1     0     2     2  0.0205     0.0205     5.000e-005
   1   410   1     0     2     2  0.0205     0.0205     5.000e-005
   1   411   1     0     2     2  0.0206     0.0206     5.000e-005
   1   412   1     0     2     2  0.0206     0.0206     5.000e-005
   1   413   1     0     2     2  0.0207     0.0207     5.000e-005
   1   414   1     0     2     2  0.0207     0.0207     5.000e-005
   1   415   1     0     2     2  0.0208     0.0208     5.000e-005
   1   416   1     0     2     2  0.0208     0.0208     5.000e-005
   1   417   1     0     2     2  0.0209     0.0209     5.000e-005
   1   418   1     0     2     2  0.0209     0.0209     5.000e-005
   1   419   1     0     2     2  0.0210     0.0210     5.000e-005
   1   420   1     0     2     2  0.0210     0.0210     5.000e-005
   1   421   1     0     2     2  0.0211     0.0211     5.000e-005
   1   422   1     0     2     2  0.0211     0.0211     5.000e-005
   1   423   1     0     2     2  0.0212     0.0212     5.000e-005
   1   424   1     0     2     2  0.0212     0.0212     5.000e-005
   1   425   1     0     2     2  0.0213     0.0213     5.000e-005
   1   426   1     0     2     2  0.0213     0.0213     5.000e-005
   1   427   1     0     2     2  0.0214     0.0214     5.000e-005
   1   428   1     0     2     2  0.0214     0.0214     5.000e-005
   1   429   1     0     2     2  0.0215     0.0215     5.000e-005
   1   430   1     0     1     1  0.0215     0.0215     5.000e-005
   1   431   1     0     1     1  0.0216     0.0216     5.000e-005
   1   432   1     0     1     1  0.0216     0.0216     5.000e-005
   1   433   1     0     1     1  0.0217     0.0217     5.000e-005
   1   434   1     0     1     1  0.0217     0.0217     5.000e-005
   1   435   1     0     1     1  0.0218     0.0218     5.000e-005
   1   436   1     0     1     1  0.0218     0.0218     5.000e-005
   1   437   1     0     1     1  0.0219     0.0219     5.000e-005
   1   438   1     0     1     1  0.0219     0.0219     5.000e-005
   1   439   1     0     1     1  0.0220     0.0220     5.000e-005
   1   440   1     0     1     1  0.0220     0.0220     5.000e-005
   1   441   1     0     1     1  0.0221     0.0221     5.000e-005
   1   442   1     0     1     1  0.0221     0.0221     5.000e-005
   1   443   1     0     1     1  0.0222     0.0222     5.000e-005
   1   444   1     0     1     1  0.0222     0.0222     5.000e-005
   1   445   1     0     1     1  0.0223     0.0223     5.000e-005
   1   446   1     0     1     1  0.0223     0.0223     5.000e-005
   1   447   1     0     1     1  0.0224     0.0224     5.000e-005
   1   448   1     0     1     1  0.0224     0.0224     5.000e-005
   1   449   1     0     1     1  0.0225     0.0225     5.000e-005
   1   450   1     0     1     1  0.0225     0.0225     5.000e-005
   1   451   1     0     1     1  0.0226     0.0226     5.000e-005
   1   452   1     0     2     2  0.0226     0.0226     5.000e-005
   1   453   1     0     2     2  0.0227     0.0227     5.000e-005
   1   454   1     0     2     2  0.0227     0.0227     5.000e-005
   1   455   1     0     2     2  0.0228     0.0228     5.000e-005
   1   456   1     0     2     2  0.0228     0.0228     5.000e-005
   1   457   1     0     2     2  0.0229     0.0229     5.000e-005
   1   458   1     0     2     2  0.0229     0.0229     5.000e-005
   1   459   1     0     2     2  0.0230     0.0230     5.000e-005
   1   460   1     0     2     2  0.0230     0.0230     5.000e-005
   1   461   1     0     2     2  0.0231     0.0231     5.000e-005
   1   462   1     0     2     2  0.0231     0.0231     5.000e-005
   1   463   1     0     2     2  0.0232     0.0232     5.000e-005
   1   464   1     0     2     2  0.0232     0.0232     5.000e-005
   1   465   1     0     2     2  0.0233     0.0233     5.000e-005
   1   466   1     0     2     2  0.0233     0.0233     5.000e-005
   1   467   1     0     2     2  0.0234     0.0234     5.000e-005
   1   468   1     0     2     2  0.0234     0.0234     5.000e-005
   1   469   1     0     2     2  0.0235     0.0235     5.000e-005
   1   470   1     0     2     2  0.0235     0.0235     5.000e-005
   1   471   1     0     2     2  0.0236     0.0236     5.000e-005
   1   472   1     0     2     2  0.0236     0.0236     5.000e-005
   1   473   1     0     2     2  0.0237     0.0237     5.000e-005
   1   474   1     0     2     2  0.0237     0.0237     5.000e-005
   1   475   1     0     2     2  0.0238     0.0238     5.000e-005
   1   476   1     0     2     2  0.0238     0.0238     5.000e-005
   1   477   1     0     2     2  0.0239     0.0239     5.000e-005
   1   478   1     0     2     2  0.0239     0.0239     5.000e-005
   1   479   1     0     2     2  0.0240     0.0240     5.000e-005
   1   480   1     0     2     2  0.0240     0.0240     5.000e-005
   1   481   1     0     2     2  0.0241     0.0241     5.000e-005
   1   482   1     0     2     2  0.0241     0.0241     5.000e-005
   1   483   1     0     2     2  0.0242     0.0242     5.000e-005
   1   484   1     0     2     2  0.0242     0.0242     5.000e-005
   1   485   1     0     2     2  0.0243     0.0243     5.000e-005
   1   486   1     0     2     2  0.0243     0.0243     5.000e-005
   1   487   1     0     2     2  0.0244     0.0244     5.000e-005
   1   488   1     0     2     2  0.0244     0.0244     5.000e-005
   1   489   1     0     2     2  0.0245     0.0245     5.000e-005
   1   490   1     0     2     2  0.0245     0.0245     5.000e-005
   1   491   1     0     2     2  0.0246     0.0246     5.000e-005
   1   492   1     0     2     2  0.0246     0.0246     5.000e-005
   1   493   1     0     2     2  0.0247     0.0247     5.000e-005
   1   494   1     0     2     2  0.0247     0.0247     5.000e-005
   1   495   1     0     2     2  0.0248     0.0248     5.000e-005
   1   496   1     0     2     2  0.0248     0.0248     5.000e-005
   1   497   1     0     2     2  0.0249     0.0249     5.000e-005
   1   498   1     0     2     2  0.0249     0.0249     5.000e-005
   1   499   1     0     2     2  0.0250     0.0250     5.000e-005
   1   500   1     0     2     2  0.0250     0.0250     5.000e-005